4.438844800000027
479.03841930000004
474.2445483
469.85907499999985
479.1955453000003
499.66525169999977
463.57275960000015
457.4041530999998
472.68216150000035
466.4124587999995
466.4406359000004
469.04806199999985
470.0289036000004
466.5428288999992
463.9490123000005
462.23322800000005
462.7406608000001
461.09460749999926
460.8561492000008
460.8987852999999
461.32808569999906
462.504416400001
463.780659
462.6265132999997
463.61405600000035
464.20905109999876
465.4522005000017
467.6059248999991
463.82676960000026
459.99935580000056
456.1643785999986
457.1522025000013
458.78945179999937
459.97388710000087
456.9413956999997
457.1722542000007
457.3950057999973
460.10538440000164
459.58863980000024
457.825699099998
457.5638620000027
457.03448709999793
458.03227120000156
458.3839158999981
457.0411668000015
456.8460992
457.8154437999983
457.1977810999997
458.24809580000147
488.49173789999986
[3.336243999999965]
[363.59685020000006]
[361.95501720000004]
[3.2101130000000353]
[363.6384604]
[3.2651844999999753]
[362.32538650000004]
[357.5129873000001]
[361.16784559999996]
[359.99397409999983]
[356.2331793000003]
[359.4556034999996]
[356.9540903000002]
[360.3886821000001]
[359.4801698000001]
[354.79352819999986]
[354.06042119999984]
[358.6139149999999]
[358.3061009000003]
[355.4334722000003]
[352.67396909999934]
[353.20802989999993]
[353.5429081000002]
[358.15217159999975]
[357.3609111000005]
[357.2056616]
[353.3643039999997]
[352.5911550000001]
[353.7819550999993]
[352.8012714000015]
[353.0569213999988]
[348.61132370000087]
[349.5920342999998]
[349.479307399999]
[354.094352600001]
[352.20533409999916]
[352.0151954000012]
[350.6778369999993]
[353.31095579999965]
[351.3605165000008]
[351.7332542999993]
[353.79081770000084]
[356.1725210000004]
[357.88964979999946]
[353.22303590000047]
[357.9243631999998]
[357.7956617]
[356.0555769999992]
[357.012636200001]
[357.17326949999915]
[356.5280745]
[356.11676780000016]
[355.71055830000114]
[354.51668049999716]
[3.3390061999999716]
[354.2174033]
[357.06976610000004]
[366.56528019999996]
