3.174747400000001
360.03438000000006
352.10270620000006
356.3619455999999
363.34737870000004
361.7617220000002
363.4277479999996
363.9837467000002
365.2939852999998
362.5139640000002
365.9436182999998
361.4565841000003
361.4676473999998
362.50863759999993
363.32283259999986
365.4660094999999
371.16506970000046
368.5070047999998
366.26398359999985
366.1230019000004
366.4041569000001
360.41236729999946
357.5539422000011
358.41254389999995
357.16588109999975
357.5850623999995
358.22380449999946
361.8917282000002
367.24141450000025
368.8168243
365.0843430999994
365.6976680000007
366.30338309999934
364.14210860000094
368.0738588000004
367.2500072999992
364.34713589999956
365.64008410000133
363.8215659999987
366.8096263000007
364.1106001999997
364.6700777999995
364.0733979000015
362.8593469999996
367.4443142
332.5344326999984
362.1587604000015
362.95743349999975
364.3572497999994
364.37287730000025
